33,165
33,164
33,163
33,162
33,161
33,160
33,159
33,158
33,157
33,156
33,155
33,154
58,38
58,37
58,36
0,572
0,571
0,569
33,116
58,35
10,31
10,149
10,111
11,15
11,26
11,12
11,19
11,13
9,5
8,14
8,13
8,10
8,8
0,318
12,2
12,1
12,3
20,2
20,1
20,3
19,2
19,1
19,3
35,147
35,146
35,145
35,144
35,142
35,141
35,140
35,139
35,134
35,133
35,125
35,93
35,90
35,87
35,83
35,77
35,67
35,65
35,35
35,34
35,19
35,18
35,7
35,6
35,5
35,4
35,3
35,2
35,1
35,0
34,5
34,4
34,3
34,2
34,1
34,0
33,143
33,83
33,82
33,81
33,80
33,79
33,78
33,77
33,76
33,75
33,74
33,73
33,72
33,71
33,70
33,69
33,68
33,67
33,66
33,65
33,64
33,37
33,36
33,35
33,34
33,33
33,32
33,31
33,30
33,29
33,28
33,27
33,26
33,25
33,24
33,23
33,22
33,21
33,20
33,19
33,18
33,17
33,16
33,15
33,14
33,13
33,12
33,11
33,10
33,9
33,8
33,7
33,6
33,5
33,4
33,3
33,2
33,1
33,0
32,4
32,3
32,2
32,1
32,0
31,5
31,3
31,1
29,4
29,1
28,5
28,1
11,24
11,18
11,17
11,14
11,10
11,6
18,1
11,1
18,3
11,5
